100
6542854 56292914
4985569 3364428
42070722 50634225
8678194 284503
19949152 25020955
18822839 10038370
25150258 28049860
7183199 23589094
32123186 45109297
2819501 16926650
44812607 5239103
4393986 19127535
31882220 99025890
32217637 28817433
71636525 68093599
54311518 40686160
24505240 76782321
32043795 2724682
2566579 58118155
7963260 950879
93436929 63175408
6936653 32648343
86599861 69001067
30354402 20759987
82470911 58723496
32049748 60105157
82715430 81889497
39766458 78128110
12656790 3112545
1775446 12532874
41150605 2972650
864462 38701481
84269606 46537154
43976481 18929732
16434864 8485843
2493289 9444513
95903100 4206677
3216699 46975164
22444202 78322406
7913768 8066170
45431640 24906668
18986419 38239270
38329203 41042829
13941858 4964473
63971718 73642195
1608161 45224590
38804644 63774139
34561288 597396
73197151 79265974
21242180 36317135
89072806 3164422
1746045 16933376
16483331 69066834
47028730 6847934
66442569 4858267
2561620 26524196
87794894 97571423
64002418 18628054
35310338 70172530
50631802 1463103
26845119 1481390
267054 15112601
97449943 73449887
32715057 85662105
94377139 40069430
39752612 20022692
38580810 64966185
63800237 5227727
33545957 33693353
18274126 19983256
75774783 46055620
35046338 35087771
95801298 84718050
1844273 46487456
33987156 1929015
115226 23135493
68340541 32007521
15036759 16099572
92750851 74603713
60674895 44680396
93241335 79883340
43529329 36197739
54061761 40996978
3428182 18328147
74791052 56356287
36919671 38371933
91492186 18384143
10208519 75776068
66350394 8719987
4392135 45972108
90583507 72333505
36129274 40172126
97572032 81107208
13993650 80757593
84235393 6090649
224096 78903852
43234931 27007530
15310561 37345821
54400550 44635208
571037 37692769
63560931 32476429
16121619 49804482
75469542 59847414
45940101 27594440
20109046 53259630
38871039 12623708
52846931 43441934
821828 26016247
40435411 14236319
4093302 37260317
1794304 98515050
6049791 692053
95445986 52215851
47021688 57298700
4908036 86468261
70885509 4159166
25887800 58080787
57680495 15790938
12766447 9571960
7281864 5059881
26043800 83939391
71759170 24668603
16543147 88305651
26015466 237564
24772178 89557411
81947115 19633083
73321297 64016317
41239118 52205492
27103177 1927151
993784 18483893
69318243 53225424
31834408 56712036
27217467 38488273
26317166 13820856
52949240 68965588
48287371 37656375
70205384 25743123
23584277 46136502
6099129 15391337
2155893 5673287
58852152 12757889
1915399 39715687
41348509 98792744
35606136 35190139
24839269 25373308
25117106 13102062
95143064 78080347
7431950 44426331
41913079 87141264
62027293 23482976
79086373 51369688
11157190 39388824
62166541 54345319
9265173 48594394
73149626 66571718
1839444 26968501
4765296 83904076
119179 575322
289951 2778973
851770 98253
11243876 11223225
7939354 3779605
83313345 55344708
3764542 21603357
40789481 58040245
27037349 29190647
53398536 66515101
65150657 18785757
52293131 29658728
6922268 7046442
4631842 12706375
4138004 4098893
48932105 84997160
7966897 23209359
26635770 38556263
11962852 852129
70551047 77039763
64758325 23409809
4507811 29358258
13007848 3697207
8957505 79878568
41363042 6771452
70124147 14940658
13961020 52010596
70445033 44704241
26336863 10580868
37514571 58896268
51811381 16579653
27520162 50876170
43572070 17345593
40245155 96191264
65569645 17762462
36616236 91433397
3843805 17249645
82011110 89318668
53439569 25419625
16771627 34925770
34889088 6212051
43879267 39471293
16506433 9234697
