100
488577587150153202 176896736305162557
117317281451865352 272787434293667265
906284913142086401 495473826445107119
38440597090188311 82929571941008471
631110597798351668 961848126654707947
610687671554096428 282965384659756951
15722938754928268 315699117925574393
27266794050884935 12573380692032325
94328538289192706 487681477765574630
413790445711157417 25721084239859685
804375560577315422 254397589858963728
87111692538489496 626102773217890592
975522731930021403 201313720209171086
94527646305854528 427483131068620654
921925260058087285 221273759208249221
54322335526702235 308792985555348102
562040286884653669 709020664312088018
695094291693790586 165742688180267972
784047382787229062 366899648971081111
118634221987079905 462025007238515494
442112150070590235 683586775373550819
552949314336803637 324175089498813516
246860928584619880 185184240522401702
153355613066966703 172957718253396152
669204572959044237 723340361942851866
274117829121873219 417000036137877100
971056379788846504 709262125733844538
656670901369737601 640592026450289442
258604287902033807 785897624420052303
162304313281356452 46922250009108858
469851706438445045 249340677256132872
236066887801123671 44920314483437866
981832535357019027 526697805235205067
285744381016007718 492946508620130818
925331732885360570 261641269980258796
203059210609741673 888219024192564167
314804092561178119 957855605880981089
424037476439727785 238675938222816042
525754729142842851 393601733761056061
232289210047972914 285531127036485473
469475084918114605 220903469088047322
201714617596360982 305907163526813369
569827689892191997 262166335664384455
37314193928262618 484623253529197244
444122255366644697 547457967505738522
429562830701855303 131331966631905629
634048780505326733 362805218312387234
196017930812875773 521189016490335423
116712724993384479 595108353503524426
136072947745737677 58930109490835965
384968128648551416 878781651698716458
344579295867861228 162889662216974956
607173106105718887 966263765718323410
365550925810652691 249127911930983197
295194362642596758 90772232394527331
16741630649529795 252568758679042635
578955091472178846 314551454828574239
235820807193716715 221524847934411938
781909035548241766 560768573351915661
118185702924804979 23059546233963235
152967726996742306 554334326295844365
124945569441510768 2738764283894097
490755607481701879 353306599224003467
10657774229951120 41697592260860766
740976267492339127 437941586526767385
373313109180594383 133942547165526453
257076828756304427 409968933541729630
369948649308178632 179322424011090784
94862170810096356 331799366900872271
28645448133696408 13396293622718515
753815834696288288 50950227873437019
5310827184585468 298105193584719352
334998668341249803 561217494143617005
60702833042205179 216191590743630980
823490200675599016 35595078336592136
3537500358200149 567374208587297928
829120407944298928 94038425154398169
91559124017498581 26590317510245147
108430604482438510 792089010937200089
281233121719347102 76689036519344225
43205657581085022 945525730958270456
719393083102001197 8779595470682245
19715320605466173 887205012077457994
693175755209626820 18193481781787702
566207953000001985 491126657921192587
390116007131918797 238018694095471357
340693202845376882 205301657880782713
9029696985400863 89270638070600795
849348099026779849 9148274844832182
3774754792010143 812541691286252405
928336639595055094 343274450957091040
219841294006691378 109346868359477382
84797877089619245 411140732404846371
50889044016097449 70061709210830951
946088578199389335 723352670212671635
106165378448709974 679338519748524210
15668144877255943 561448637868827157
290699139756271724 4201653066678778
674098000578312013 934902588101366027
151293057647984989 394917746429065269
839171346826578484 713225466410410208
583267827993648640 663529275401445181
405350241453608922 392980091100899940
239817536886789862 262514991405961749
581833522928123894 629878716824692714
36044180070322632 513543161890770244
91433255690530415 116321204948736825
21352907543103221 5259633198839718
474837344452538984 589214904389103000
450252043627695303 310597629185530519
570052854369282161 419487858371676042
34774832109863761 253163481027000959
672690746315289143 640265886054999804
355858784957961864 158728380833833038
518634550685808604 298397370279704845
100420412024606045 251258134238070416
310960125268069139 602598142456551433
302696642846886181 8383257685592863
557277116327448105 278353472121614040
121150029883832034 155757824125869414
546623633968105407 835760625128690587
505591076306352200 114148331510174186
453357553448530099 793756244735662020
599688365859525992 431318033753654225
91940690800932314 793168547934271160
366587296302371216 51365865776718487
369721838498604882 546978624338746831
2425852923668671 168561440565883543
754542378642768090 864811558969134177
293043882855182217 59453704155454270
659137266860055100 894123473632628624
269705440127250805 324987706152456476
634100732874387723 359417900455237972
317553225005741657 267608561684588543
203123066794577000 386458774906790867
277376191229803446 106872422487289826
800496477765750696 988850003305444555
399927964990933432 741017672444882792
869949243183110188 262668950530220858
183641359830598074 124051326468538535
179454737741108681 179268000735295248
64678287220838024 175545853241182921
357289624023907009 437141975368679187
261476472590336098 229941672320122266
552855980763755574 213373193832938409
65624998265292958 291051652770594145
607727526452172460 292337038285393618
37995178267723635 520203307841231875
150077341167743399 966926914712047888
442848384625062600 136299099109549964
824986424232640811 664500386150313838
272692481626036687 488144582805139497
564879925352286221 168792194287148929
39639506501790742 468504089563472879
615367519521797258 937849536920074948
587377328052913872 532458155518800827
957665447791679888 282126274797460512
21778682548761911 158650390242209301
56898260514854883 132788282728635071
20247516149348879 43821488940090664
412885177775489718 810658555376533489
497368011746305213 410699422983226884
585348116581886092 141597731869811910
92929497362973132 30089040612861984
233175241641834920 14785365519184429
9056871214896546 106751166525401861
603322606355268673 955736546800671154
154894419049212878 417950293342362871
817805324431775328 660787514154878018
374249563668668525 519715525815869780
550850195453888854 322590773763732866
250395024025960118 389467937405049995
858086103808776805 904940184560534663
199187143356963589 297071435932012039
244988971046105155 302277093581036707
226829020084449296 77850293596517590
956619863561246223 837533834256580841
90306913374948201 365452511145562268
567609565856048131 835283433742348500
294671671945610109 111909142952785839
879958401579269133 788418080001834339
542204036378950232 738540166732955442
300729034371349067 805312266902513209
640166889749134480 64534281167642437
253630733187521333 950395107990630694
699243806702309225 115178504144803290
223795116031645917 515530734026271495
441509383401323160 188237432454451090
941829853321509441 88624930164689645
63126334396665268 422994427328125060
737003863999400377 624741667982209580
24622091840345855 201337507531163272
630961509066292427 226098471674426590
72841637976951607 426965549019575073
693245504805430543 766287763462223826
560730567803838991 270060383214364806
279205085761740725 549291912604607305
345530412435258723 257731912430998069
941040523984402565 37985752133210894
7327910865761964 407298387669449799
