100
18 55
44 9
54 9
8 37
47 28
21 41
86 100
78 75
10 27
0 8
20 4
2 8
76 3
1 35
86 82
23 52
21 80
55 17
31 75
31 1
31 88
22 19
75 26
20 30
11 83
26 10
14 47
31 11
50 37
0 5
38 70
39 2
85 18
11 36
69 24
20 29
60 11
9 9
49 25
15 23
56 26
3 21
32 76
33 30
6 1
0 1
27 32
4 1
54 73
54 40
4 23
3 1
36 67
34 7
95 78
11 22
14 84
58 7
1 30
26 0
89 36
7 21
64 15
4 18
76 29
6 62
84 41
3 58
71 53
35 7
16 58
18 9
97 87
21 88
36 69
16 24
88 18
1 7
33 69
23 10
11 91
55 8
54 37
15 0
29 28
21 15
98 3
0 39
84 68
27 54
85 22
17 22
92 70
15 66
79 96
77 34
77 74
16 8
75 44
20 6
47 8
0 43
20 91
6 19
42 21
16 33
44 64
35 29
1 79
0 0
73 36
26 0
21 78
44 6
46 38
21 3
93 39
11 84
66 71
68 33
98 76
71 59
51 11
8 9
99 88
74 10
35 62
1 31
96 26
19 10
34 92
3 18
90 32
27 64
35 1
0 11
3 26
5 1
25 97
86 22
17 3
0 3
16 49
19 4
87 54
53 52
58 19
17 40
80 29
13 58
35 27
21 30
34 68
32 19
82 54
3 10
44 37
34 14
14 65
32 8
97 19
6 29
63 98
61 29
44 37
9 29
52 24
7 38
57 18
8 23
86 5
1 47
75 75
55 43
100 88
39 74
74 10
0 68
26 2
0 17
77 76
38 53
81 2
1 2
32 86
15 29
11 40
3 1
90 13
3 48
91 32
30 80
72 11
5 24
61 46
17 58
65 36
34 11
32 31
26 14
