10
29 8
668 4636 1811 6776 -92 8643 4563 2599 
496 5845 5471 2377 555 2821 -144 7102 
1770 5364 1546 6794 1811 7312 2403 -156 
2758 5294 3913 4418 9326 9884 8487 7803 
4964 2696 1407 8076 8720 9056 5163 4964 
6876 7128 124 -934 6362 3248 2398 1493 
1037 6792 2386 5670 429 2226 4137 3402 
512 2141 5238 3028 -808 4608 -111 472 
8590 1125 5704 301 9392 987 -388 -699 
2967 5602 7920 6114 3624 -585 7089 945 
5862 8856 -564 9786 6398 3266 5770 1185 
1298 3228 9834 -973 4109 493 9245 1374 
-187 6370 -996 4638 -947 8275 3713 5744 
5342 770 3569 1478 9077 9799 8223 6920 
4367 299 6936 6024 4378 3949 7617 5771 
7568 1415 733 3538 3104 737 6691 3260 
3776 -501 3952 6786 4357 6844 4990 6729 
4123 3116 6523 606 7518 9285 5400 7401 
5313 -834 3413 6127 8176 2590 2556 -266 
6296 8016 9330 7816 194 4147 7506 8972 
2305 2766 8709 5436 8528 2553 360 9286 
3061 9980 9572 3736 6042 2464 6877 9610 
-925 7145 -202 6306 9952 -631 8736 4004 
2428 1710 7586 8333 7166 2167 4736 5791 
8800 263 3833 962 3596 2651 5754 925 
2737 3632 8651 5483 1729 6391 3869 -85 
5978 5532 1893 8956 4844 9392 9958 5668 
3796 600 8368 8156 5488 2783 6330 1119 
9172 6119 5344 2941 9726 3136 2070 1187 
73 6
5927 -787 6523 4434 8585 8824 
2620 6875 4896 6687 -145 8111 
9830 6182 6286 5299 6653 2324 
6495 3292 8043 5685 5954 3220 
9043 6529 5536 4549 5869 2341 
809 1534 3460 -622 -707 4092 
9562 3742 8681 4994 1738 9652 
6339 -567 5660 1221 2865 5830 
8812 1732 4662 6817 7678 7697 
3011 7994 779 -37 6373 4473 
3916 761 6108 3807 5324 4244 
3595 5553 2192 8202 8062 3927 
7533 655 7481 7603 6169 9627 
5839 4928 -689 876 6886 7900 
5421 6818 8585 1911 4914 6422 
7990 8958 5630 4059 368 2816 
8499 6020 3199 4460 5019 3297 
4409 6906 5595 3462 6424 6190 
1054 8876 1384 4834 809 5800 
-700 9589 5325 2396 180 3658 
2749 9733 4729 -665 2053 2565 
2269 7523 1589 2863 7836 9064 
4282 5346 379 9880 1519 9816 
7765 5792 4344 7539 5580 1459 
7768 832 3907 -882 1269 2805 
6969 6971 3176 8327 2603 2977 
7438 3049 8894 110 8492 9791 
3499 7353 3244 1013 6416 -79 
1907 9720 9169 4141 5378 8257 
-67 7353 7507 1080 5824 8320 
5486 1002 9137 -997 -770 3783 
413 6921 6936 9250 6270 8824 
-734 9063 4551 2002 5427 689 
6814 -209 7887 9850 2354 -290 
3184 6429 3789 7000 3676 9187 
1626 2268 4391 4472 3905 959 
-571 3080 1389 8507 6211 4741 
-702 4145 4898 1501 5460 9524 
235 802 233 2736 -3 -407 
9070 3451 9263 5105 4821 3475 
9645 6919 3141 7393 4495 3538 
5557 4635 -656 3622 -160 7852 
6260 1572 9286 2560 6397 8483 
2982 6672 9450 8338 7000 4780 
-441 5030 8769 1040 5038 -521 
4168 7844 9392 8276 2031 3225 
7655 1668 1160 3755 2866 -141 
2275 2555 2141 4718 4931 2710 
5899 7961 4893 5993 4551 7452 
1410 6211 9417 958 5918 930 
6991 6912 9882 8230 5716 4223 
3617 4059 9649 9856 -677 2935 
571 1597 5378 8527 8599 3294 
1712 6824 6877 -532 6146 3425 
765 820 7047 9713 9655 429 
-387 8149 6031 2456 9700 9266 
387 1018 5789 5433 2816 4906 
3993 2526 1556 2237 1315 4967 
-930 2973 1089 5475 2063 1159 
7258 4596 7799 -149 707 9 
869 6643 1598 5980 5996 2440 
-662 1470 2724 -524 9660 8050 
8288 5185 9680 6137 1034 126 
5240 -719 6593 9279 4621 7502 
3149 8729 3819 897 2086 4871 
8132 4124 5071 3064 6253 9823 
859 9567 4686 3277 6520 327 
5572 4572 8707 6330 2175 3143 
-841 1586 -540 9944 7853 1131 
1459 906 8887 6640 1828 2236 
3551 6155 1905 2220 8937 6544 
7610 -730 4941 8479 -790 8152 
2913 5111 3413 3050 7414 7201 
31 2
6121 1970 
5676 2303 
-107 3354 
5478 4003 
7339 3492 
1099 6378 
347 7081 
2200 7471 
1693 7836 
8874 121 
7010 -304 
1865 2669 
8457 -72 
7036 3160 
5509 6209 
9423 1954 
-800 -298 
3947 2007 
5985 2923 
4543 9035 
7658 7494 
5624 268 
3983 4989 
4540 7227 
3539 1248 
6128 7863 
5002 8842 
7694 5041 
-356 648 
-186 1099 
-929 6066 
36 7
5466 -628 6758 6354 8486 8249 2003 
3981 9413 2222 1020 8063 -364 6631 
1852 -973 9956 7346 1522 632 5406 
9997 3954 2755 7309 -729 479 -320 
7279 -676 1516 5328 8370 1712 4094 
4798 -915 3553 4792 1769 8527 8886 
6203 4790 530 5561 263 7312 304 
7224 9860 5972 2301 7065 8942 2422 
7979 6125 8871 6845 7457 2491 270 
4539 3917 1398 9074 8606 2489 144 
8715 7221 5607 568 6758 8744 5032 
7380 9819 2591 2673 596 -315 1138 
7627 1157 9066 4048 6392 8081 3646 
7896 4542 4319 3500 1178 6342 7787 
8356 3099 8153 8106 7432 5452 -540 
6945 4397 5811 6404 8201 6647 -235 
4328 1456 9087 9036 9181 8897 7164 
708 221 4648 7224 4274 9901 3551 
5458 5461 4474 8026 4073 4527 2198 
-624 2143 8368 7549 8204 1036 946 
2950 7744 7311 5131 1077 5824 8102 
3116 8427 1914 978 2425 7191 6214 
9215 1132 -646 7440 607 5705 1985 
5497 9346 7879 1964 5758 2830 6896 
-363 3020 9490 3494 5321 7391 -349 
-855 -691 8878 3644 1578 5748 5931 
-230 9203 5328 2298 3191 1596 26 
1570 8290 408 273 2480 5595 6822 
-445 -261 8895 5593 7931 564 7180 
997 7839 1444 9649 6048 9588 5274 
-783 5844 1985 4658 2551 7286 4640 
878 8350 9993 6240 7903 1157 7192 
2158 3449 1827 128 1671 5367 2401 
3144 2760 3190 1954 1029 3598 0 
2107 9109 5781 4216 9309 6859 -405 
9840 4732 2832 6685 4867 1049 8592 
41 6
308 8975 1744 526 -966 952 
7358 65 9623 5391 1110 1159 
1015 5269 4569 7446 8651 9912 
5075 -606 -231 5970 5270 451 
2855 8099 4195 3927 2754 7149 
1045 2065 3811 3540 8606 7251 
5232 3226 3304 5416 -227 9047 
4363 1964 8274 -741 3554 3239 
2437 3541 2147 6443 5312 -898 
-584 4703 1340 2585 2179 2038 
1324 4410 8351 5699 6564 2763 
7898 930 7952 -365 5035 4048 
2435 5491 9401 6188 8972 7298 
8340 7600 9391 9985 7824 5182 
4716 8103 6314 9206 4231 8380 
1053 3446 4293 -408 7361 4208 
642 0 7618 3340 8963 562 
-980 1464 2446 8021 6600 1530 
1967 4103 4256 3292 6839 6586 
5927 5935 6204 7036 1915 9436 
5047 572 5458 3916 6064 1880 
5807 8553 8518 9219 -304 3886 
-253 9705 7466 4692 6843 7168 
3669 3945 3979 3788 1536 2490 
7248 5337 234 5104 7706 -239 
6318 7517 3914 2592 6841 6963 
3125 3466 8374 5794 3321 7269 
5407 4040 5424 8748 9146 8218 
3893 -706 -58 8222 5828 8410 
4938 83 8422 9070 3767 8098 
8963 7096 5816 4635 -877 4864 
4530 3959 6706 -395 9851 -427 
5060 3581 1843 5496 7231 8143 
4185 3917 4156 8600 1180 5492 
2588 5504 2270 3679 5875 -627 
2050 1597 5366 72 2199 4188 
240 1591 4313 -808 2502 5291 
8640 5065 4843 6893 6702 7193 
6067 8546 4225 7926 3463 -868 
1677 1888 3009 4087 169 7117 
4380 -6 -785 3910 7465 1335 
29 8
1789 3700 2651 782 4034 4948 2442 8171 
7319 7673 9200 5668 -270 3094 3799 8555 
1489 7800 4448 7169 4100 3286 2487 5761 
3465 732 287 -627 8645 5930 7985 4512 
-727 7620 9872 3874 2304 6794 9242 1227 
2665 4744 -920 3149 257 8808 2400 2279 
7885 1978 262 7271 8438 1504 5743 3044 
3178 -314 -383 800 16 633 8259 5737 
5808 -782 1453 171 6704 7781 1150 1981 
-919 9383 4813 6142 5967 3950 215 9672 
-344 -377 -361 -222 6195 889 9835 7 
2746 8796 107 -166 1845 4051 1669 3765 
3926 7952 5963 6260 832 2600 4128 7533 
-959 3503 7970 5029 5436 -918 2455 -276 
2922 6902 5027 554 -428 5606 7682 4888 
3328 2096 2651 6794 9409 -126 1830 5485 
4672 564 4855 4410 9173 9503 6236 5845 
1189 8570 7204 1419 -596 3784 3007 8162 
7158 2863 7401 1654 9657 7257 5345 859 
7479 235 8622 825 6029 1263 3821 212 
1347 1429 8641 3806 307 8658 -395 8119 
9040 5422 9651 8953 5892 8013 6600 3162 
9685 322 2336 1007 -838 703 3028 8070 
3354 9708 -783 7391 6518 4480 1211 760 
-675 8794 6515 3657 8736 6147 7048 4617 
9459 4547 9341 6354 656 4648 8459 8536 
1693 9632 3734 4965 209 4726 3102 -174 
4269 1284 -245 5746 2844 8343 9434 3712 
8152 5894 5004 722 9507 8861 8954 2297 
62 8
-840 8658 7754 2857 2159 7559 6958 8035 
3581 3757 7326 1911 7711 1764 5129 6829 
8584 4752 4382 9236 3567 9062 9456 1052 
3783 6403 1613 5248 5396 1002 7502 1909 
6205 2743 8784 8884 8422 5384 3925 9754 
6199 9455 -841 7028 4130 8027 5461 -197 
6544 2161 9473 9325 8964 763 3431 6341 
7060 -693 2109 2604 8214 9255 566 3992 
1840 5519 5440 3771 5869 7213 9816 3876 
9735 4400 6354 6915 8926 1455 7966 -900 
4148 1304 3534 3016 3954 5362 5532 610 
-778 3793 4616 4493 3536 2499 4120 437 
8172 2222 5050 6968 2380 -6 4085 6862 
1533 -988 -360 3631 6900 2054 3719 6478 
725 5078 1888 -112 -242 8911 3220 1587 
7685 -99 2527 9365 6368 8211 8026 6694 
-28 8621 3561 9965 2032 8678 -997 491 
7810 6687 4619 5004 8517 272 4693 9992 
7702 999 2091 8449 3838 9365 514 3929 
9012 1068 8718 -559 5211 6762 -890 9113 
9433 4884 -777 9601 2568 5498 7169 9199 
9112 3431 5406 947 -476 6787 8749 4062 
5692 -429 621 8643 -538 3127 677 -348 
9261 4440 2360 -763 3011 -534 8795 2323 
8255 2732 160 7852 7914 594 6517 9802 
5723 6235 -909 3702 -486 5086 1455 9944 
1007 927 6783 3756 2132 4225 -8 4005 
9019 9800 8553 9652 3468 2568 5501 7227 
9787 3454 8829 -749 6833 3883 -757 3778 
8510 661 7752 9599 7808 3958 8765 5307 
9762 8658 -812 9557 4417 2553 8525 2384 
6996 7979 583 2639 8776 9252 1240 8020 
5900 5361 6157 6501 6980 3506 5065 6701 
7127 2576 9799 -609 2245 3883 5403 5315 
4806 7357 506 -383 1119 5972 2716 2940 
8444 9549 7891 2625 746 9159 3607 9251 
4546 7316 9769 2758 8141 2687 689 9223 
2764 1287 2098 6128 -439 7627 4293 7699 
137 5336 4424 7707 3555 4894 6543 6262 
2434 6079 664 4805 3629 5588 193 -1000 
584 3955 8418 2232 9938 6373 5255 25 
119 -771 7758 6791 4959 9239 9980 7281 
5765 1936 7582 5213 4987 2957 2813 2721 
871 4685 9922 6520 5350 -355 3274 6819 
7471 1797 5957 2521 6068 4096 5414 3758 
-880 6107 3755 1239 1520 1887 5972 4684 
2094 -712 7193 9185 3471 2533 161 2781 
6702 5250 -975 3413 2658 702 8062 7988 
7854 9348 6080 5451 3874 1606 1735 3459 
8538 2348 9115 4738 1499 6187 3881 9829 
-743 7230 7165 2989 9143 1707 -816 800 
414 6505 1648 4549 157 2442 8374 2931 
1715 3518 698 1508 7733 6446 1040 1954 
4154 4758 3116 4898 4950 753 7938 5062 
4414 4308 3581 1677 6890 4495 -578 6064 
454 -445 -374 -665 5074 2604 1348 1064 
3865 2522 -230 6714 1447 689 1748 7447 
111 6357 7509 1253 4282 6555 1081 5964 
6174 4427 4805 3009 9033 1713 1973 3264 
3314 9331 8121 9684 7017 6060 5251 749 
3669 4156 8337 7406 5337 1982 7168 4797 
6467 1116 -102 8387 -732 3347 7037 4000 
5 10
9760 1065 4817 7723 658 5164 9204 9197 2878 5695 
9183 3310 4810 2888 9929 4825 4233 1768 8542 8937 
2102 5621 5075 -790 655 7980 2849 8889 -961 1026 
6036 7709 8163 8128 122 1642 7232 9669 8428 4566 
3257 1843 4092 4118 8133 1647 6708 -85 3047 8807 
86 8
7648 8953 6667 763 9120 -385 7900 7175 
4899 4210 3842 7967 7062 4315 4452 5619 
7729 368 931 7798 6041 9481 9348 331 
2786 4829 7338 669 7559 5571 584 9727 
7247 1999 5084 -902 7350 5983 244 2396 
3383 7732 -222 2101 9292 3644 6626 9056 
-350 2133 6926 7983 3823 5556 4596 8570 
8788 8981 1155 9973 1757 2138 6487 698 
9526 6640 2865 7536 8861 1351 2976 3754 
16 8861 -415 6446 4464 3358 -866 4448 
208 7288 5162 7872 4183 8054 7614 1175 
2937 4334 468 -41 8453 6812 1561 6108 
9280 5103 1890 1515 5937 -563 5214 278 
4180 8196 3463 497 3612 4907 -26 8903 
5258 -786 1580 1312 5916 1657 3347 3972 
-514 2378 6108 6539 2130 4932 9203 2428 
7348 132 8346 -863 6170 9526 6560 2161 
3246 7502 3411 1546 8417 867 3858 4538 
6968 7585 3112 730 4400 3797 8221 7989 
5187 5718 1652 9510 1576 4307 1333 4179 
771 8510 9320 4350 7611 784 6929 9169 
5974 1540 645 6084 5626 7486 9283 4992 
3696 8033 8009 -523 -398 5575 8736 8212 
3196 2765 9395 -826 3496 -497 4718 4752 
754 4573 -453 7218 119 4718 80 969 
2719 8957 7482 6581 3378 7474 7401 1359 
3160 5872 1527 4596 7066 7392 5782 8718 
4659 6368 2278 366 6206 3537 9269 839 
2555 2291 961 6389 7316 7204 667 2104 
3660 -959 8069 730 1932 7476 6988 4177 
8694 8933 7824 5463 7472 258 3723 -726 
393 -74 9946 4909 -88 4269 166 -356 
8738 3576 3901 6635 4705 5559 8911 5977 
8538 6607 -843 4662 4927 5206 7988 475 
195 5891 2254 4362 6075 8625 2175 6574 
6000 6475 -86 208 2400 8761 9293 -602 
4841 4028 2766 730 9410 4689 3715 6223 
6018 9029 9667 3787 8883 9543 2920 -815 
1524 -569 5735 8380 7683 2270 8874 7032 
7569 2032 4941 9252 -909 487 1155 -580 
2561 5547 7048 5674 3570 5662 1349 -8 
4393 1436 7412 -164 5120 2548 618 6921 
2384 7723 8986 4508 2648 235 5274 6697 
6503 9288 5966 2498 74 8633 9814 4437 
3923 1860 1202 6202 9510 3686 5133 4229 
6778 5457 -598 8400 2946 2461 -639 -91 
5786 4307 6564 2598 1388 4431 7181 5412 
3567 6666 -820 5194 3392 2965 7247 3073 
9286 9714 1340 1889 3865 6678 9606 2246 
5496 9043 5374 3828 7016 4380 10 135 
4336 3998 1975 7250 8450 8209 4239 6486 
7051 3334 550 9158 1200 7824 3164 888 
9097 -509 7570 -191 9799 5274 249 3477 
699 -877 645 7609 9855 6600 5709 7708 
8163 7963 9801 3114 -222 7661 1023 5931 
4535 5627 -934 9783 1804 2338 2526 4089 
3354 1364 9964 1249 4073 -898 5560 5651 
3909 8847 -854 119 6484 -456 5236 9926 
7399 6815 710 -165 5820 -960 8881 6929 
5609 8958 2303 8820 -379 494 5122 4564 
-265 5734 7324 9656 364 -326 4686 5538 
1227 8192 530 4367 110 8398 8525 2566 
3245 1699 6399 2219 9954 456 2585 1569 
9677 8485 6837 2270 8537 1457 2772 2024 
9679 8003 6104 -530 435 8997 357 -878 
6804 844 -306 9623 7923 7955 9186 7331 
4044 1018 7492 5380 7141 -290 9181 7280 
8246 5452 9865 2990 3797 1788 9615 2113 
3877 6697 3003 1 7859 4345 1631 2412 
4837 711 8560 -685 4726 9392 3541 1471 
4918 6435 3656 4577 -537 4606 4201 793 
9580 9998 2491 7004 -488 1221 753 4014 
-657 1952 -242 2557 3819 1778 1253 6432 
-336 8589 1593 4007 8050 1945 2605 6801 
3186 5856 6775 1937 2269 5803 754 9473 
5716 3228 434 1794 3774 1248 648 7603 
732 2670 17 -587 1742 8290 6210 8260 
3051 522 8611 9246 1108 589 8123 -172 
4373 3950 9983 4556 2196 9069 418 8910 
-928 9062 6882 528 1295 4195 -529 311 
2821 1730 6768 1185 7662 166 -316 221 
9876 675 -700 -611 6707 8533 -774 8568 
5809 5911 5715 6626 1079 5428 5707 4033 
7464 2331 8583 1609 4873 8691 9666 2081 
6971 3957 6494 2907 1770 7612 3369 6449 
1780 8429 4432 -430 1311 3391 4481 1565 
28 9
9496 3761 2895 6314 2939 5642 9111 3136 8299 
751 3846 753 4128 6205 3468 1983 1618 -824 
9667 3405 2555 3651 4475 7999 7823 2231 1425 
6343 6879 7799 9019 -628 9656 6576 4624 7737 
6039 7085 9402 7981 4901 5136 4137 -287 5657 
3104 5019 8995 3241 4796 5939 -866 7086 5497 
8427 1056 1312 413 4247 -83 5605 8543 9751 
-820 9533 4697 -209 8344 8799 -567 -403 6731 
7386 4868 8637 7908 2748 4614 5624 4861 -820 
5593 5202 1552 4535 6708 3899 18 1166 3616 
4728 716 3974 7277 9507 6580 6319 -208 7787 
2896 571 3403 8221 6125 491 7172 4196 9890 
1323 -950 3348 4196 6574 1502 22 -683 1181 
8952 8768 7678 -63 4372 682 5943 9102 7874 
9628 6181 -287 8737 9641 750 1276 1051 6731 
3469 432 3322 3092 -332 2486 -667 6607 1595 
6014 -65 8883 6728 3689 -179 8030 9670 9830 
101 8197 4733 4321 9146 1577 5421 4163 6268 
-87 1464 -45 9904 126 3684 9166 5366 967 
8816 -217 8305 2684 4840 2883 -318 1413 5570 
-423 6689 2423 -733 1397 3557 2692 335 1646 
4200 6134 1840 3386 6892 6177 6057 5565 5445 
5450 7653 9922 2684 4721 3783 3554 50 7272 
2231 9217 9125 9123 9989 964 1018 9414 4951 
3192 1845 6252 6560 5593 3320 5814 5520 534 
2495 7776 8363 -717 5636 1565 -873 6255 3278 
5013 1622 3043 -795 4137 4278 206 2702 1604 
-482 7401 6299 1032 2692 2529 42 1423 -550 
