63427580373580935 427107767231930941 171206982530149769 118467101355403589 rectangle
0 165859143882016942 76881194180376622 0 rectangle
259527216453484910 564321422268584559 961848126654707946 1609347050929343 rectangle
23324086980724115 15722938754928267 31209501121045755 9423822629136383 rectangle
383973448825702889 41172228065921383 443607442596611945 10269940413797987 rectangle
0 740252569734705368 174223385076978992 511952976701075816 rectangle
10007819864498121 512002957509977061 179047472747210935 342963304627264247 square
22538500187722259 340576820894328078 86106170865682211 277009150216368126 square
681167919075493155 294856264167417947 709020664312088017 36629112193117997 rectangle
12245040552062342 568414188673533057 225023403422097468 355635825803497931 square
431091202950836148 420643358329935948 674807425722771126 227706820667691084 rectangle
147970890984021737 246860928584619879 158740335149911669 99054507922172425 rectangle
0 450840151930180805 548235658243746438 383159920345573395 rectangle
604079677005630665 866827028603633139 709262125733844537 414357024296945745 rectangle
123485512340493368 85741050949971942 201123114222219536 8103449068245774 square
222793098346114471 89840628966875732 249340677256132871 0 rectangle
165742562940907800 815848970019691099 405746199091107636 170044047220570537 rectangle
144477151239224551 925331732885360569 261641269980258795 851106315499767765 rectangle
298590845965552510 292582824132977787 549484106913903060 184769052312654297 rectangle
102876716814449792 414943620270008595 361701703281496036 156118633802962351 square
182525766104674643 459024187468222142 220903469088047321 152790139585404596 rectangle
4724574896783605 557796013555881338 69903812959741631 411450493502513150 rectangle
311667693897972085 262663933263811258 547457967505738521 0 rectangle
59876153701054157 634048780505326732 332159707924697389 408329252475344114 rectangle
0 97930916866977693 272145895491475354 19929302114694237 rectangle
163933368198419312 325779324433949912 525225223537303144 0 rectangle
205664414783660288 295412738102655564 525437436837645094 202843085759310830 rectangle
0 286593308889511166 33483261299059590 218544208468574104 rectangle
215864272997200650 241481382130928003 255777341390232780 201568313737895873 square
0 46119092467926470 236371405849609958 0 rectangle
63658055418885675 5477528567788194 186233083464135861 0 rectangle
0 83395184521721532 21315548459902240 0 rectangle
308684631834421382 267885094331052906 437941586526767384 0 rectangle
329928365074627635 185645082882848026 409968933541729629 172999765139333542 rectangle
0 26792587245437030 57290896267392816 0 rectangle
27706349126467 303388314420178353 10593948020044469 292822072749260351 square
49347031103810487 298452221784712351 72058634980599871 133930959702549609 rectangle
0 818340897772171652 7075000716400298 316407519402424204 rectangle
89079822880598994 44103364267417493 94038425154398168 9077270753072801 rectangle
0 84718396018482012 562466243438694204 68659677020206438 rectangle
562338256914826759 17559190941364490 876447909289175635 0 rectangle
499146498341795647 19715320605466172 887205012077457993 16671642958109232 rectangle
364589782509676185 314901330075697961 415642231754161409 161136058115244753 rectangle
0 178541276141201590 18059393970801726 0 rectangle
2385901487050853 849348099026779848 5163608096969433 775735283545724962 rectangle
96408137056291717 218693736718954764 343274450957091039 0 rectangle
22655286610131339 84797877089619244 79122801422063559 55325541332042658 rectangle
0 800173578207332761 212330756897419948 558503461289715659 rectangle
198776187826899233 8403306133357556 382622091685644215 0 rectangle
35795174988976703 401645037454736336 266790940306993275 388190455403394202 rectangle
453310189576887073 831872773086296891 713225466410410207 495185777716593471 rectangle
218304726729903305 359907204069185156 261330347043676419 165122778742738342 rectangle
0 581833522928123893 72088360140645264 445252800853416595 rectangle
12342312010572156 10519266397679436 30363503075634286 0 rectangle
311289182866287607 474837344452538983 589214904389102999 146357913918522055 rectangle
12085219065124833 408635679366178926 57464445154602689 97691282687822992 rectangle
253491477786315484 269293492934434352 458226092129608244 48163268733231724 rectangle
3955113474275313 347723432788401148 196885710574936777 154792835687739684 square
176374402700393013 16766515371185726 429018882993379349 0 rectangle
110044021316197085 237563486637209626 132256038451466983 73952161614529202 rectangle
175421527484013814 228296663020348372 835760625128690586 0 rectangle
405620486983389965 453357553448530098 793756244735662019 409278514058778352 rectangle
340288181277408603 77664980801681100 392886411327333829 25066750751755874 square
0 313809822874155858 4851705847337342 23313058257611228 rectangle
119869075682070347 118907408310908540 466218690028294087 0 rectangle
219040556247033928 400882280902896777 320370324007467682 249093131402016175 rectangle
275688549556245343 340142891815258497 359417900455237971 195074231553918589 rectangle
202841245807103996 121466790627915718 351911136652502896 92278054346663934 rectangle
347499893245063656 800496477765750695 452356036736803208 681538867124014889 rectangle
126601144122083543 174152442672954122 240681575539112605 73950210264122948 rectangle
0 179454737741108680 129356574441676048 171636968741257162 rectangle
241663902900837596 249754242009620768 281289042279834600 210129102630623764 square
0 452074263630712179 131249996530585916 130029041910476111 rectangle
0 607727526452172459 75990356535447270 432679089230291291 rectangle
14767699726952693 150077341167743398 870929069523172507 122520857051356530 rectangle
0 779659491615479120 545384963252073374 196629673994799874 rectangle
2673217017441892 505470379047821729 76605795986139592 431537800079124029 square
538024432080558023 581811051491156676 636730224025269721 483105259546444978 square
0 317300780484418602 43557365097523822 0 rectangle
562629919914744 56898260514854882 39932402378783014 30744717365326446 rectangle
268989716340747537 412885177775489717 725746307151862889 408513668190964051 rectangle
79865636780317921 43152901195517195 105993357945628343 17025180030206773 square
4343130771815352 125645080644178177 13770611657977740 87857252406625545 rectangle
143680597247959370 472841136561803486 166108240850466386 363059450122922256 rectangle
330130934881891063 563834154602647242 418368192455445987 475596897029092318 square
198647885809737594 425595710140009272 302142162242182642 353340164670090718 rectangle
5880957559016133 490377621729959495 392493329154911045 103765250134064583 square
216313536284928216 101447702004547199 237344503883970376 54252885188487981 rectangle
0 712223199400178520 180613826749896402 18681822890946016 rectangle
0 146695379799389711 589343343891220218 77122906106181967 rectangle
319380042045718523 879958401579269132 765028030712181941 597121931886641752 rectangle
583515702802279307 129068562335284874 696818076695989653 0 rectangle
643766868481599939 170655442365512576 754720744923018511 59701565924094004 square
437729171435040676 220578504914594167 445289595367605644 155896359994308013 rectangle
59805457288904072 542044436898570864 66447211504426464 303944417757679256 rectangle
0 361087703503415899 49244183680691710 41587311558910645 rectangle
0 526593166660421294 145683275953903214 327337931378728852 rectangle
355173372145454157 508316508586068997 766287763462223825 31804257842660615 rectangle
152743869981931986 279205085761740724 538316954888585460 236258739100255414 rectangle
0 814596775338899598 14655821731523928 0 rectangle
