0 5299178 9971138 1429678 rectangle
0 569006 17356388 0 rectangle
16455436 11762591 21190242 8314149 rectangle
6515580 24256713 7850818 22921475 square
0 25861579 5639002 7991721 rectangle
3548870 23518759 5239102 14736311 rectangle
0 31882219 64435274 25752647 rectangle
40529438 71636524 68093598 9735796 rectangle
22077583 5449364 42010007 0 rectangle
0 1648412 15926520 253346 rectangle
0 37404905 13873306 27891781 rectangle
9158027 41519974 51550777 0 rectangle
6286199 80857566 57813297 39352748 rectangle
6804535 82715429 72728381 73540791 rectangle
1523664 12656789 2027228 12408959 rectangle
548250 41150604 1180674 36252358 rectangle
41415809 36871248 46537153 988216 rectangle
1149865 10787937 3836713 8101089 square
2226722 48898666 4206676 45051662 rectangle
0 12306128 15827536 3826212 rectangle
13066171 45431639 24906667 31046901 rectangle
11508409 9928946 16375307 0 rectangle
0 57364318 3216322 33084862 rectangle
29705958 1194792 39416618 0 rectangle
4292450 54082865 38191910 18551405 rectangle
903477 33866752 2588613 0 rectangle
44371713 9504951 49685747 4190917 square
1380810 28818759 3742430 24229633 rectangle
30433414 37256108 97571422 0 rectangle
31091075 2531831 70172529 394375 rectangle
0 15405669 534108 14819533 rectangle
0 97449942 65430114 73874268 rectangle
39435795 27348457 40069429 12696927 rectangle
62634290 10455454 64966184 0 rectangle
17684777 33545956 18863475 6420556 rectangle
24037057 64605522 46055619 5570020 rectangle
0 61284345 3688546 31690567 rectangle
0 23697719 230452 22573267 rectangle
2121894 32199144 27951624 0 rectangle
46746078 64541585 74603712 24819207 rectangle
33209299 72395478 53849359 0 rectangle
0 35238249 6856364 1418045 rectangle
17483056 49712794 56356286 27031072 rectangle
3394428 91492185 17022610 60059951 rectangle
482932 55609520 8301338 36334696 rectangle
29086141 80344252 43172407 0 rectangle
0 97572031 27987300 63943155 rectangle
0 84235392 448192 73572312 rectangle
9060046 43234930 21561076 31456712 rectangle
0 54400549 1142074 20984989 rectangle
2453502 56401078 29789736 43207886 rectangle
42243758 53878924 49636444 1309956 rectangle
33488286 20109045 44253792 5138371 rectangle
0 27986513 1643656 24045981 rectangle
0 40435410 8186604 34085224 rectangle
5326036 1384106 6773546 0 rectangle
41827526 67261916 52215850 47335484 rectangle
55302758 4908035 86468260 3410297 rectangle
57280204 25060918 58080786 6520958 rectangle
4991769 9528524 9571959 591238 rectangle
59578950 26043799 83939390 23293407 rectangle
20798602 475128 31232330 0 rectangle
74971885 24772177 88922345 14493989 rectangle
31950702 52877624 50527534 51533360 rectangle
939492 20771995 1048076 16195791 rectangle
19743600 68179512 43925216 45244560 rectangle
23009174 17128848 29625158 10512864 square
39675430 52949239 56899312 22363511 rectangle
21425432 56004752 25743122 36268252 rectangle
1039393 6099128 3272393 5247446 rectangle
0 44479128 3830798 34952246 rectangle
20546513 41348508 50665759 29031770 rectangle
24860905 17379609 25373307 8824515 rectangle
0 72279217 14863900 16573445 rectangle
43901409 30662313 80153177 16303639 rectangle
0 64082959 22314380 14694689 rectangle
0 62166540 18530346 35022248 rectangle
0 46034328 3678888 7902674 rectangle
0 1114087 238358 36557 rectangle
758324 191699 945216 4807 square
4655484 6092833 11223224 1466377 rectangle
0 43206714 7529084 0 rectangle
936915 35605593 53137783 22775701 rectangle
63786214 37571514 66515100 0 rectangle
4991439 8977271 8853097 5115613 square
2595996 4631841 5680012 3565945 rectangle
0 31517364 15933794 14901354 rectangle
3504641 1704258 20421063 0 rectangle
52476888 34129607 77039762 12690011 rectangle
12420610 4284445 13595086 3109969 square
23090359 8017909 59635725 5524995 rectangle
12981383 53274948 14940657 50746244 rectangle
21020651 18624652 31653075 2537084 rectangle
45756658 22634376 57866104 10524930 square
36267971 22723060 50876169 11968126 rectangle
56100431 27231676 75038859 8293248 square
0 33094741 7687610 1404549 rectangle
32270317 46588877 74608821 4250373 square
34852407 12424102 34925769 0 rectangle
13442658 18469394 19570208 0 rectangle
